

-- Variável Global para controlar o loop
getgenv().AutoFarm = false

-- Janela Principal
local Window = Rayfield:CreateWindow({
   Name = "Coelho Hub 🐰",
   LoadingTitle = "Iniciando...",
   LoadingSubtitle = "by Mister Shadow Store",
})

       local Tab = Window:CreateTab("Farm", 4483362458) -- Ícone de alvo
   end
end
     {
    ["MONSTER_INDEX_TABLE_With_Level"] = {
        ["1825"] = {
            ["FullName"] = "Forest Pirate",
            ["IsBoss"] = false,
            ["LevelRequest"] = 1825,
            ["Quest"] = {
                ["QuestName"] = "DeepForestIsland",
                ["QuestCFrame"] = CFrame.new(-13234.0400390625, 331.4880065917969, -7625.40087890625, 0.7071342468261719, -0, -0.707079291343689, 0, 1, -0, 0.707079291343689, 0, 0.7071342468261719),
                ["QuestLevel"] = 1,
            },
            ["MobName"] = "Forest Pirate",
            ["SpawnLocation"] = {
                [1] = CFrame.new(-13345.5419921875, 332.22601318359375, -7630.7578125, 0.7193580865859985, -0, -0.6946393847465515, 0, 1, -0, 0.6946393847465515, 0, 0.7193580865859985),
                [2] = CFrame.new(-13651.54296875, 332.22601318359375, -7894.7578125, -0.2249598503112793, 0, -0.9743680953979492, 0, 1, 0, 0.9743680953979492, 0, -0.2249598503112793),
                [3] = CFrame.new(-13600.54296875, 332.22601318359375, -7741.7578125, 0.15644598007202148, -0, -0.9876865744590759, 0, 1, -0, 0.9876865744590759, 0, 0.15644598007202148),
                [4] = CFrame.new(-13105.54296875, 332.22601318359375, -7705.7568359375, -0.7313214540481567, 0, 0.6820330023765564, 0, 1, 0, -0.6820330023765564, 0, -0.7313214540481567),
                [5] = CFrame.new(-13513.54296875, 332.22601318359375, -8008.7578125, -0.987686276435852, 0, -0.1564495712518692, 0, 1, 0, 0.1564495712518692, 0, -0.987686276435852),
                [6] = CFrame.new(-13279.54296875, 332.22601318359375, -7897.7578125, -0.4848262071609497, 0, 0.8746106028556824, 0, 1, 0, -0.8746106028556824, 0, -0.4848262071609497),
            },
        },
        ["900"] = {
            ["FullName"] = "Marine Captain",
            ["IsBoss"] = false,
            ["LevelRequest"] = 900,
            ["Quest"] = {
                ["QuestName"] = "MarineQuest3",
                ["QuestLevel"] = 2,
            },
            ["MobName"] = "Marine Captain",
            ["SpawnLocation"] = {},
        },
        ["800"] = {
            ["FullName"] = "Factory Staff",
            ["IsBoss"] = false,
            ["LevelRequest"] = 800,
            ["Quest"] = {
                ["QuestName"] = "Area2Quest",
                ["QuestLevel"] = 2,
            },
            ["MobName"] = "Factory Staff",
            ["SpawnLocation"] = {},
        },
        ["2225"] = {
            ["FullName"] = "Cake Guard",
            ["IsBoss"] = false,
            ["LevelRequest"] = 2225,
            ["Quest"] = {
                ["QuestName"] = "CakeQuest1",
                ["QuestCFrame"] = CFrame.new(-2022.2989501953125, 36.928009033203125, -12030.9765625, -0.9612739086151123, 0, -0.2755945920944214, 0, 1, 0, 0.2755945920944214, 0, -0.9612739086151123),
                ["QuestLevel"] = 2,
            },
            ["MobName"] = "Cake Guard",
            ["SpawnLocation"] = {
                [1] = CFrame.new(-1531.4110107421875, 35.21900939941406, -12132.439453125, 0.991970956325531, 0, 0.12646609544754028, 0, 1, 0, -0.12646609544754028, 0, 0.991970956325531),
                [2] = CFrame.new(-1693.97998046875, 35.21900939941406, -12436.84375, -0.7161152362823486, 0, -0.697982132434845, 0, 1, 0, 0.697982132434845, 0, -0.7161152362823486),
                [3] = CFrame.new(-1736.5439453125, 35.21900939941406, -12249.060546875, -0.8062667846679688, 0, -0.5915520787239075, 0, 1, 0, 0.5915520787239075, 0, -0.8062667846679688),
                [4] = CFrame.new(-1471.1280517578125, 35.21900939941406, -12436.84375, -0.4425472021102905, 0, 0.8967452049255371, 0, 1, 0, -0.8967452049255371, 0, -0.4425472021102905),
                [5] = CFrame.new(-1418.510986328125, 35.21900939941406, -12255.71875, -0.12647175788879395, 0, 0.9919702410697937, 0, 1, 0, -0.9919702410697937, 0, -0.12647175788879395),
            },
        },
        ["2350"] = {
            ["FullName"] = "Sweet Thief",
            ["IsBoss"] = false,
            ["LevelRequest"] = 2350,
            ["Quest"] = {
                ["QuestName"] = "ChocQuest2",
                ["QuestCFrame"] = CFrame.new(151.197998046875, 23.891006469726562, -12774.6171875, 0.42259299755096436, 0, 0.9063196182250977, 0, 1, 0, -0.9063196182250977, 0, 0.42259299755096436),
                ["QuestLevel"] = 1,
            },
            ["MobName"] = "Sweet Thief",
            ["SpawnLocation"] = {
                [1] = CFrame.new(-140.25799560546875, 25.582000732421875, -12652.3115234375, 0.17362433671951294, -0, -0.9848119020462036, 0, 1, -0, 0.9848119020462036, 0, 0.17362433671951294),
                [2] = CFrame.new(5.365997314453125, 25.582000732421875, -12537.42578125, 0.7660612463951111, -0, -0.642767608165741, 0, 1, -0, 0.642767608165741, 0, 0.7660612463951111),
                [3] = CFrame.new(88.47200012207031, 25.582000732421875, -12662.20703125, -0.7660616636276245, 0, 0.642767608165741, 0, 1, 0, -0.642767608165741, 0, -0.7660616636276245),
                [4] = CFrame.new(-77.64700317382812, 25.582000732421875, -12765.6201171875, -0.7660616636276245, 0, -0.642767608165741, 0, 1, 0, 0.642767608165741, 0, -0.7660616636276245),
                [5] = CFrame.new(143.97000122070312, 25.582000732421875, -12531.720703125, 0.9659296274185181, 0, 0.2588047981262207, 0, 1, 0, -0.2588047981262207, 0, 0.9659296274185181),
            },
        },
        ["1875"] = {
            ["FullName"] = "Captain Elephant",
            ["IsBoss"] = true,
            ["LevelRequest"] = 1875,
            ["Quest"] = {
                ["QuestName"] = "DeepForestIsland",
                ["QuestCFrame"] = CFrame.new(-13234.0400390625, 331.4880065917969, -7625.40087890625, 0.7071342468261719, -0, -0.707079291343689, 0, 1, -0, 0.707079291343689, 0, 0.7071342468261719),
                ["QuestLevel"] = 3,
            },
            ["MobName"] = "Captain Elephant",
            ["SpawnLocation"] = {
                [1] = CFrame.new(-13365.529296875, 321.2309875488281, -8484.990234375, -0.9978424310684204, 0, 0.06565561145544052, 0, 1, 0, -0.06565561145544052, 0, -0.9978424310684204),
            },
        },
        ["1475"] = {
            ["FullName"] = "Tide Keeper",
            ["IsBoss"] = true,
            ["LevelRequest"] = 1475,
            ["Quest"] = {
                ["QuestName"] = "ForgottenQuest",
                ["QuestLevel"] = 3,
            },
            ["MobName"] = "Tide Keeper",
            ["SpawnLocation"] = {},
        },
        ["2475"] = {
            ["FullName"] = "Island Boy",
            ["IsBoss"] = false,
            ["LevelRequest"] = 2475,
            ["Quest"] = {
                ["QuestName"] = "TikiQuest1",
                ["QuestCFrame"] = CFrame.new(-16548.81640625, 55.60600280761719, -172.81199645996094, 0.21309256553649902, -0, -0.9770320057868958, 0, 1, -0, 0.9770320057868958, 0, 0.21309256553649902),
                ["QuestLevel"] = 2,
            },
            ["MobName"] = "Island Boy",
            ["SpawnLocation"] = {
                [1] = CFrame.new(-16991.73046875, 12.766998291015625, -186.18299865722656, -0.9563201665878296, 0, -0.29232117533683777, 0, 1, 0, 0.29232117533683777, 0, -0.9563201665878296),
                [2] = CFrame.new(-16736.21875, 22.171005249023438, -131.7209930419922, 0.5463936924934387, 0, 0.8375284671783447, 0, 1, 0, -0.8375284671783447, 0, 0.5463936924934387),
                [3] = CFrame.new(-16905.3046875, 13.093994140625, -73.50700378417969, 0.88026362657547, -0, -0.4744848906993866, 0, 1, -0, 0.4744848906993866, 0, 0.88026362657547),
                [4] = CFrame.new(-16883.048828125, 23.347000122070312, -250.87399291992188, -0.9562946557998657, 0, -0.2924046516418457, 0, 1, 0, 0.2924046516418457, 0, -0.9562946557998657),
                [5] = CFrame.new(-16661.57421875, 57.37200927734375, -252.96299743652344, -0.8474411964416504, 0, -0.5308892726898193, 0, 1, 0, 0.5308892726898193, 0, -0.8474411964416504),
            },
        },
        ["1750"] = {
            ["FullName"] = "Kilo Admiral",
            ["IsBoss"] = true,
            ["LevelRequest"] = 1750,
            ["Quest"] = {
                ["QuestName"] = "MarineTreeIsland",
                ["QuestCFrame"] = CFrame.new(2485.73291015625, 73.34600830078125, -6788.625, -0.4275914430618286, 0, 0.9039722084999084, 0, 1, 0, -0.9039722084999084, 0, -0.4275914430618286),
                ["QuestLevel"] = 3,
            },
            ["MobName"] = "Kilo Admiral",
            ["SpawnLocation"] = {
                [1] = CFrame.new(2998.294921875, 508.79400634765625, -7344.32177734375, 0.20788592100143433, 0, 0.9781531095504761, 0, 1, 0, -0.9781531095504761, 0, 0.20788592100143433),
            },
        },
        ["1800"] = {
            ["FullName"] = "Fishman Captain",
            ["IsBoss"] = false,
            ["LevelRequest"] = 1800,
            ["Quest"] = {
                ["QuestName"] = "DeepForestIsland3",
                ["QuestCFrame"] = CFrame.new(-10581.65625, 330.87298583984375, -8761.1865234375, -0.8829522132873535, 0, 0.4694635570049286, 0, 1, 0, -0.4694635570049286, 0, -0.8829522132873535),
                ["QuestLevel"] = 2,
            },
            ["MobName"] = "Fishman Captain",
            ["SpawnLocation"] = {
                [1] = CFrame.new(-11210.2685546875, 331.82598876953125, -9072.7119140625, -0.3381751775741577, 0, -0.9410832524299622, 0, 1, 0, 0.9410832524299622, 0, -0.3381751775741577),
                [2] = CFrame.new(-10828.1064453125, 331.82598876953125, -9049.146484375, -0.09120917320251465, 0, 0.9958317875862122, 0, 1, 0, -0.9958317875862122, 0, -0.09120917320251465),
                [3] = CFrame.new(-10736.6728515625, 331.82598876953125, -8807.5791015625, -0.5769405364990234, 0, 0.8167862892150879, 0, 1, 0, -0.8167862892150879, 0, -0.5769405364990234),
                [4] = CFrame.new(-11107.853515625, 331.82598876953125, -8842.916015625, 0.17761456966400146, -0, -0.9841001629829407, 0, 1, -0, 0.9841001629829407, 0, 0.17761456966400146),
                [5] = CFrame.new(-11072.599609375, 331.82598876953125, -8610.072265625, 0.17761456966400146, -0, -0.9841001629829407, 0, 1, -0, 0.9841001629829407, 0, 0.17761456966400146),
                [6] = CFrame.new(-11135.2001953125, 331.82598876953125, -9240.88671875, -0.704220175743103, 0, -0.7099816799163818, 0, 1, 0, 0.7099816799163818, 0, -0.704220175743103),
            },
        },
        ["675"] = {
            ["FullName"] = "Cyborg",
            ["IsBoss"] = true,
            ["LevelRequest"] = 675,
            ["Quest"] = {
                ["QuestName"] = "FountainQuest",
                ["QuestLevel"] = 3,
            },
            ["MobName"] = "Cyborg",
            ["SpawnLocation"] = {},
        },
        ["2025"] = {
            ["FullName"] = "Demonic Soul",
            ["IsBoss"] = false,
            ["LevelRequest"] = 2025,
            ["Quest"] = {
                ["QuestName"] = "HauntedQuest2",
                ["QuestCFrame"] = CFrame.new(-9516.9931640625, 172.01699829101562, 6078.46484375, 0, 0, -1, 0, 1, 0, 1, 0, 0),
                ["QuestLevel"] = 1,
            },
            ["MobName"] = "Demonic Soul",
            ["SpawnLocation"] = {
                [1] = CFrame.new(-9565.9560546875, 171.9530029296875, 6235.408203125, 0.9993888735771179, -0, -0.03495507314801216, 0, 1, -0, 0.03495507314801216, 0, 0.9993888735771179),
                [2] = CFrame.new(-9344.9560546875, 171.9530029296875, 6201.408203125, 0.9993888735771179, -0, -0.03495507314801216, 0, 1, -0, 0.03495507314801216, 0, 0.9993888735771179),
                [3] = CFrame.new(-9631.9560546875, 171.9530029296875, 6053.408203125, -0.9993889331817627, 0, 0.03495507314801216, 0, 1, 0, -0.03495507314801216, 0, -0.9993889331817627),
                [4] = CFrame.new(-9426.9560546875, 171.9530029296875, 6048.408203125, -0.9993889331817627, 0, 0.03495507314801216, 0, 1, 0, -0.03495507314801216, 0, -0.9993889331817627),
                [5] = CFrame.new(-9253.9560546875, 171.9530029296875, 6050.408203125, -0.9993889331817627, 0, 0.03495507314801216, 0, 1, 0, -0.03495507314801216, 0, -0.9993889331817627),
                [6] = CFrame.new(-9753.9560546875, 171.9530029296875, 6166.408203125, -0.034969449043273926, 0, -0.9993885159492493, 0, 1, 0, 0.9993885159492493, 0, -0.034969449043273926),
            },
        },
        ["1000"] = {
            ["FullName"] = "Snow Trooper",
            ["IsBoss"] = false,
            ["LevelRequest"] = 1000,
            ["Quest"] = {
                ["QuestName"] = "SnowMountainQuest",
                ["QuestLevel"] = 1,
            },
            ["MobName"] = "Snow Trooper",
            ["SpawnLocation"] = {},
        },
        ["1400"] = {
            ["FullName"] = "Awakened Ice Admiral",
            ["IsBoss"] = true,
            ["LevelRequest"] = 1400,
            ["Quest"] = {
                ["QuestName"] = "FrostQuest",
                ["QuestLevel"] = 3,
            },
            ["MobName"] = "Awakened Ice Admiral",
            ["SpawnLocation"] = {},
        },
        ["2400"] = {
            ["FullName"] = "Candy Pirate",
            ["IsBoss"] = false,
            ["LevelRequest"] = 2400,
            ["Quest"] = {
                ["QuestName"] = "CandyQuest1",
                ["QuestCFrame"] = CFrame.new(-1164.498046875, 59.26899719238281, -14492.6181640625, 0.2588643431663513, -0, -0.965913712978363, 0, 1, -0, 0.965913712978363, 0, 0.2588643431663513),
                ["QuestLevel"] = 1,
            },
            ["MobName"] = "Candy Pirate",
            ["SpawnLocation"] = {
                [1] = CFrame.new(-1378.656982421875, 38.02400207519531, -14802.8837890625, -0.7071342468261719, 0, -0.707079291343689, 0, 1, 0, 0.707079291343689, 0, -0.7071342468261719),
                [2] = CFrame.new(-1428.1529541015625, 36.40699768066406, -14637.896484375, 0.5000457763671875, -0, -0.8659989833831787, 0, 1, -0, 0.8659989833831787, 0, 0.5000457763671875),
                [3] = CFrame.new(-1332.675048828125, 24.343002319335938, -14327.3603515625, 0.798616349697113, -0, -0.6018404960632324, 0, 1, -0, 0.6018404960632324, 0, 0.798616349697113),
                [4] = CFrame.new(-1255.7989501953125, 33.46699523925781, -14507.0966796875, -0.5000457763671875, 0, 0.8659989833831787, 0, 1, 0, -0.8659989833831787, 0, -0.5000457763671875),
                [5] = CFrame.new(-1226.7869873046875, 36.300994873046875, -14777.587890625, -0.6560627222061157, 0, 0.7547063231468201, 0, 1, 0, -0.7547063231468201, 0, -0.6560627222061157),
                [6] = CFrame.new(-1440.3260498046875, 32.49299621582031, -14435.9345703125, 0.5000457763671875, -0, -0.8659989833831787, 0, 1, -0, 0.8659989833831787, 0, 0.5000457763671875),
            },
        },
        ["2500"] = {
            ["FullName"] = "Sun-kissed Warrior",
            ["IsBoss"] = false,
            ["LevelRequest"] = 2500,
            ["Quest"] = {
                ["QuestName"] = "TikiQuest2",
                ["QuestCFrame"] = CFrame.new(-16541.021484375, 54.77099609375, 1051.4610595703125, 0.04119527339935303, -0, -0.9991511702537537, 0, 1, -0, 0.9991511702537537, 0, 0.04119527339935303),
                ["QuestLevel"] = 1,
            },
            ["MobName"] = "Sun-kissed Warrior",
            ["SpawnLocation"] = {
                [1] = CFrame.new(-16153.365234375, 14.464996337890625, 942.447998046875, -0.9368804693222046, 0, 0.3496498763561249, 0, 1, 0, -0.3496498763561249, 0, -0.9368804693222046),
                [2] = CFrame.new(-16186.4208984375, 25.10400390625, 1098.0830078125, 0.6457487344741821, 0, 0.7635499238967896, 0, 1, 0, -0.7635499238967896, 0, 0.6457487344741821),
                [3] = CFrame.new(-16413.5078125, 56.71099853515625, 1054.43603515625, -0.9993922710418701, 0, -0.03486879914999008, 0, 1, 0, 0.03486879914999008, 0, -0.9993922710418701),
                [4] = CFrame.new(-16052.4560546875, 9.8179931640625, 1061.9129638671875, 0.7837804555892944, 0, 0.6210380792617798, 0, 1, 0, -0.6210380792617798, 0, 0.7837804555892944),
                [5] = CFrame.new(-16357.3134765625, 21.018997192382812, 1005.6510009765625, -0.7825297117233276, 0, -0.6226131916046143, 0, 1, 0, 0.6226131916046143, 0, -0.7825297117233276),
            },
        },
        ["240"] = {
            ["FullName"] = "Swan",
            ["IsBoss"] = true,
            ["LevelRequest"] = 240,
            ["Quest"] = {
                ["QuestName"] = "ImpelQuest",
                ["QuestLevel"] = 3,
            },
            ["MobName"] = "Swan",
            ["SpawnLocation"] = {},
        },
        ["2000"] = {
            ["FullName"] = "Living Zombie",
            ["IsBoss"] = false,
            ["LevelRequest"] = 2000,
            ["Quest"] = {
                ["QuestName"] = "HauntedQuest1",
                ["QuestCFrame"] = CFrame.new(-9479.216796875, 141.21499633789062, 5566.0927734375, 0, 0, 1, 0, 1, -0, -1, 0, 0),
                ["QuestLevel"] = 2,
            },
            ["MobName"] = "Living Zombie",
            ["SpawnLocation"] = {
                [1] = CFrame.new(-10184.1015625, 152.9530029296875, 5741.93017578125, 0.03484940528869629, -0, -0.999392569065094, 0, 1, -0, 0.999392569065094, 0, 0.03484940528869629),
                [2] = CFrame.new(-10293.1015625, 152.9530029296875, 5960.93017578125, 0.03484940528869629, -0, -0.999392569065094, 0, 1, -0, 0.999392569065094, 0, 0.03484940528869629),
                [3] = CFrame.new(-10170.90234375, 141.1750030517578, 6159.626953125, 0.9702872633934021, -0, -0.24195581674575806, 0, 1, -0, 0.24195581674575806, 0, 0.9702872633934021),
                [4] = CFrame.new(-10061.90234375, 140.1750030517578, 6038.626953125, 0.9702872633934021, -0, -0.24195581674575806, 0, 1, -0, 0.24195581674575806, 0, 0.9702872633934021),
                [5] = CFrame.new(-10205.1015625, 151.9530029296875, 5861.93017578125, 0.5735987424850464, -0, -0.8191365599632263, 0, 1, -0, 0.8191365599632263, 0, 0.5735987424850464),
                [6] = CFrame.new(-9956.1015625, 140.9530029296875, 5966.93017578125, 0.8987903594970703, -0, -0.4383787512779236, 0, 1, -0, 0.4383787512779236, 0, 0.8987903594970703),
            },
        },
        ["230"] = {
            ["FullName"] = "Chief Warden",
            ["IsBoss"] = true,
            ["LevelRequest"] = 230,
            ["Quest"] = {
                ["QuestName"] = "ImpelQuest",
                ["QuestLevel"] = 2,
            },
            ["MobName"] = "Chief Warden",
            ["SpawnLocation"] = {},
        },
        ["2175"] = {
            ["FullName"] = "Cake Queen",
            ["IsBoss"] = true,
            ["LevelRequest"] = 2175,
            ["Quest"] = {
                ["QuestName"] = "IceCreamIslandQuest",
                ["QuestCFrame"] = CFrame.new(-819.3770141601562, 64.92601013183594, -10967.283203125, -0.7660616636276245, 0, 0.642767608165741, 0, 1, 0, -0.642767608165741, 0, -0.7660616636276245),
                ["QuestLevel"] = 3,
            },
            ["MobName"] = "Cake Queen",
            ["SpawnLocation"] = {
                [1] = CFrame.new(-678.47802734375, 381.85699462890625, -11114.345703125, -0.9352445602416992, 0, 0.35400253534317017, 0, 1, 0, -0.35400253534317017, 0, -0.9352445602416992),
            },
        },
        ["1175"] = {
            ["FullName"] = "Magma Ninja",
            ["IsBoss"] = false,
            ["LevelRequest"] = 1175,
            ["Quest"] = {
                ["QuestName"] = "FireSideQuest",
                ["QuestLevel"] = 1,
            },
            ["MobName"] = "Magma Ninja",
            ["SpawnLocation"] = {},
        },
        ["1725"] = {
            ["FullName"] = "Marine Rear Admiral",
            ["IsBoss"] = false,
            ["LevelRequest"] = 1725,
            ["Quest"] = {
                ["QuestName"] = "MarineTreeIsland",
                ["QuestCFrame"] = CFrame.new(2485.73291015625, 73.34600830078125, -6788.625, -0.4275914430618286, 0, 0.9039722084999084, 0, 1, 0, -0.9039722084999084, 0, -0.4275914430618286),
                ["QuestLevel"] = 2,
            },
            ["MobName"] = "Marine Rear Admiral",
            ["SpawnLocation"] = {
                [1] = CFrame.new(3920.06103515625, 146.2259979248047, -7175.2060546875, -0.6427637338638306, 0, 0.7660649418830872, 0, 1, 0, -0.7660649418830872, 0, -0.6427637338638306),
                [2] = CFrame.new(3973.738037109375, 123.91200256347656, -6931.93701171875, 0.5592103004455566, 0, 0.8290258049964905, 0, 1, 0, -0.8290258049964905, 0, 0.5592103004455566),
                [3] = CFrame.new(3465.18408203125, 123.91200256347656, -7181.7841796875, -0.5592103004455566, 0, -0.8290258049964905, 0, 1, 0, 0.8290258049964905, 0, -0.5592103004455566),
                [4] = CFrame.new(3761.81005859375, 123.91200256347656, -6823.52197265625, 0.9612739682197571, 0, 0.2755945920944214, 0, 1, 0, -0.2755945920944214, 0, 0.9612739682197571),
                [5] = CFrame.new(3753.5029296875, 123.91200256347656, -7403.22021484375, -0.9945180416107178, 0, -0.10456500202417374, 0, 1, 0, 0.10456500202417374, 0, -0.9945180416107178),
            },
        },
        ["1525"] = {
            ["FullName"] = "Pistol Billionaire",
            ["IsBoss"] = false,
            ["LevelRequest"] = 1525,
            ["Quest"] = {
                ["QuestName"] = "PiratePortQuest",
                ["QuestCFrame"] = CFrame.new(-450.1050109863281, 107.68099975585938, 5950.72607421875, 0.9571075439453125, -0, -0.28973284363746643, 0, 1, -0, 0.28973284363746643, 0, 0.9571075439453125),
                ["QuestLevel"] = 2,
            },
            ["MobName"] = "Pistol Billionaire",
            ["SpawnLocation"] = {
                [1] = CFrame.new(-852.8909912109375, 69.99700927734375, 6175.2958984375, 0.9659296274185181, -0, -0.2588047981262207, 0, 1, -0, 0.2588047981262207, 0, 0.9659296274185181),
                [2] = CFrame.new(-739.5330200195312, 84.63400268554688, 5833.05712890625, -0.42259299755096436, 0, -0.9063196182250977, 0, 1, 0, 0.9063196182250977, 0, -0.42259299755096436),
                [3] = CFrame.new(-666.77099609375, 84.94400024414062, 6008.337890625, 0.2588643431663513, 0, 0.965913712978363, 0, 1, 0, -0.965913712978363, 0, 0.2588643431663513),
                [4] = CFrame.new(-903.1690063476562, 84.63400268554688, 5891.01123046875, -0.42259299755096436, 0, -0.9063196182250977, 0, 1, 0, 0.9063196182250977, 0, -0.42259299755096436),
                [5] = CFrame.new(-185.6929931640625, 84.70899963378906, 6103.626953125, 0.9062966704368591, -0, -0.4226420819759369, 0, 1, -0, 0.4226420819759369, 0, 0.9062966704368591),
                [6] = CFrame.new(-188.14300537109375, 84.70899963378906, 6337.041015625, 0.9659296274185181, -0, -0.2588047981262207, 0, 1, -0, 0.2588047981262207, 0, 0.9659296274185181),
                [7] = CFrame.new(-54.811004638671875, 83.77000427246094, 5947.8408203125, -0.9659297466278076, 0, 0.2588047981262207, 0, 1, 0, -0.2588047981262207, 0, -0.9659297466278076),
                [8] = CFrame.new(40.05999755859375, 85.27200317382812, 6114.2978515625, 0.5735987424850464, 0, 0.8191365599632263, 0, 1, 0, -0.8191365599632263, 0, 0.5735987424850464),
            },
        },
        ["1375"] = {
            ["FullName"] = "Snow Lurker",
            ["IsBoss"] = false,
            ["LevelRequest"] = 1375,
            ["Quest"] = {
                ["QuestName"] = "FrostQuest",
                ["QuestLevel"] = 2,
            },
            ["MobName"] = "Snow Lurker",
            ["SpawnLocation"] = {},
        },
        ["2375"] = {
            ["FullName"] = "Candy Rebel",
            ["IsBoss"] = false,
            ["LevelRequest"] = 2375,
            ["Quest"] = {
                ["QuestName"] = "ChocQuest2",
                ["QuestCFrame"] = CFrame.new(151.197998046875, 23.891006469726562, -12774.6171875, 0.42259299755096436, 0, 0.9063196182250977, 0, 1, 0, -0.9063196182250977, 0, 0.42259299755096436),
                ["QuestLevel"] = 2,
            },
            ["MobName"] = "Candy Rebel",
            ["SpawnLocation"] = {
                [1] = CFrame.new(166.82000732421875, 25.582000732421875, -13035.345703125, -0.8660074472427368, 0, 0.5000314116477966, 0, 1, 0, -0.5000314116477966, 0, -0.8660074472427368),
                [2] = CFrame.new(47.923004150390625, 25.582000732421875, -13029.240234375, -0.8191560506820679, 0, -0.5735712647438049, 0, 1, 0, 0.5735712647438049, 0, -0.8191560506820679),
                [3] = CFrame.new(220.3780059814453, 26.582000732421875, -12913.9658203125, 0.42259299755096436, 0, 0.9063196182250977, 0, 1, 0, -0.9063196182250977, 0, 0.42259299755096436),
                [4] = CFrame.new(-72.12899780273438, 25.582000732421875, -12940.32421875, 0.2588643431663513, -0, -0.965913712978363, 0, 1, -0, 0.965913712978363, 0, 0.2588643431663513),
                [5] = CFrame.new(52.99800109863281, 26.582000732421875, -12851.67578125, -0.2588644027709961, 0, -0.965913712978363, 0, 1, 0, 0.965913712978363, 0, -0.2588644027709961),
            },
        },
        ["210"] = {
            ["FullName"] = "Dangerous Prisoner",
            ["IsBoss"] = false,
            ["LevelRequest"] = 210,
            ["Quest"] = {
                ["QuestName"] = "PrisonerQuest",
                ["QuestLevel"] = 2,
            },
            ["MobName"] = "Dangerous Prisoner",
            ["SpawnLocation"] = {},
        },
        ["1325"] = {
            ["FullName"] = "Ship Officer",
            ["IsBoss"] = false,
            ["LevelRequest"] = 1325,
            ["Quest"] = {
                ["QuestName"] = "ShipQuest2",
                ["QuestLevel"] = 2,
            },
            ["MobName"] = "Ship Officer",
            ["SpawnLocation"] = {},
        },
        ["1450"] = {
            ["FullName"] = "Water Fighter",
            ["IsBoss"] = false,
            ["LevelRequest"] = 1450,
            ["Quest"] = {
                ["QuestName"] = "ForgottenQuest",
                ["QuestLevel"] = 2,
            },
            ["MobName"] = "Water Fighter",
            ["SpawnLocation"] = {},
        },
        ["950"] = {
            ["FullName"] = "Zombie",
            ["IsBoss"] = false,
            ["LevelRequest"] = 950,
            ["Quest"] = {
                ["QuestName"] = "ZombieQuest",
                ["QuestLevel"] = 1,
            },
            ["MobName"] = "Zombie",
            ["SpawnLocation"] = {
                [1] = CFrame.new(-10184.1015625, 152.9530029296875, 5741.93017578125, 0.03484940528869629, -0, -0.999392569065094, 0, 1, -0, 0.999392569065094, 0, 0.03484940528869629),
                [2] = CFrame.new(-10293.1015625, 152.9530029296875, 5960.93017578125, 0.03484940528869629, -0, -0.999392569065094, 0, 1, -0, 0.999392569065094, 0, 0.03484940528869629),
                [3] = CFrame.new(-10170.90234375, 141.1750030517578, 6159.626953125, 0.9702872633934021, -0, -0.24195581674575806, 0, 1, -0, 0.24195581674575806, 0, 0.9702872633934021),
                [4] = CFrame.new(-10061.90234375, 140.1750030517578, 6038.626953125, 0.9702872633934021, -0, -0.24195581674575806, 0, 1, -0, 0.24195581674575806, 0, 0.9702872633934021),
                [5] = CFrame.new(-10205.1015625, 151.9530029296875, 5861.93017578125, 0.5735987424850464, -0, -0.8191365599632263, 0, 1, -0, 0.8191365599632263, 0, 0.5735987424850464),
                [6] = CFrame.new(-9956.1015625, 140.9530029296875, 5966.93017578125, 0.8987903594970703, -0, -0.4383787512779236, 0, 1, -0, 0.4383787512779236, 0, 0.8987903594970703),
            },
        },
        ["650"] = {
            ["FullName"] = "Galley Captain",
            ["IsBoss"] = false,
            ["LevelRequest"] = 650,
            ["Quest"] = {
                ["QuestName"] = "FountainQuest",
                ["QuestLevel"] = 2,
            },
            ["MobName"] = "Galley Captain",
            ["SpawnLocation"] = {},
        },
        ["750"] = {
            ["FullName"] = "Diamond",
            ["IsBoss"] = true,
            ["LevelRequest"] = 750,
            ["Quest"] = {
                ["QuestName"] = "Area1Quest",
                ["QuestLevel"] = 3,
            },
            ["MobName"] = "Diamond",
            ["SpawnLocation"] = {},
        },
        ["700"] = {
            ["FullName"] = "Raider",
            ["IsBoss"] = false,
            ["LevelRequest"] = 700,
            ["Quest"] = {
                ["QuestName"] = "Area1Quest",
                ["QuestLevel"] = 1,
            },
            ["MobName"] = "Raider",
            ["SpawnLocation"] = {
                [1] = CFrame.new(-10523.755859375, 332.6029968261719, -8597.5888671875, -0.8214843273162842, 0, 0.570231020450592, 0, 1, 0, -0.570231020450592, 0, -0.8214843273162842),
                [2] = CFrame.new(-10117.947265625, 332.6029968261719, -8174.68603515625, 0.9855113625526428, -0, -0.16960929334163666, 0, 1, -0, 0.16960929334163666, 0, 0.9855113625526428),
                [3] = CFrame.new(-10223.1142578125, 332.6029968261719, -8482.5458984375, -0.9958295822143555, 0, -0.09123341739177704, 0, 1, 0, 0.09123341739177704, 0, -0.9958295822143555),
                [4] = CFrame.new(-10391.73828125, 332.6029968261719, -8212.2763671875, 0.9855113625526428, -0, -0.16960929334163666, 0, 1, -0, 0.16960929334163666, 0, 0.9855113625526428),
                [5] = CFrame.new(-10853.8564453125, 332.6029968261719, -8425.240234375, 0.908007800579071, -0, -0.4189532995223999, 0, 1, -0, 0.4189532995223999, 0, 0.908007800579071),
                [6] = CFrame.new(-10603.64453125, 332.6029968261719, -8309.1259765625, 0.768652081489563, -0, -0.6396670341491699, 0, 1, -0, 0.6396670341491699, 0, 0.768652081489563),
            },
        },
        ["2600"] = {
            ["FullName"] = "Reef Bandit",
            ["IsBoss"] = false,
            ["LevelRequest"] = 2600,
            ["Quest"] = {
                ["QuestName"] = "SubmergedQuest1",
                ["QuestCFrame"] = CFrame.new(10780.6396484375, -2088.4140625, 9260.453125, -0.9848126173019409, 0, 0.17362114787101746, 0, 1, 0, -0.17362114787101746, 0, -0.9848126173019409),
                ["QuestLevel"] = 1,
            },
            ["MobName"] = "Reef Bandit",
            ["SpawnLocation"] = {
                [1] = CFrame.new(10899.859375, -2145.23486328125, 9279.2939453125, 0.8192076683044434, -0.00008232802792917937, -0.5734969973564148, 0.00008232802792917937, 1, -0.000025953539079637267, 0.5734969973564148, -0.000025953539079637267, 0.8192076683044434),
                [2] = CFrame.new(11039.626953125, -2156.103271484375, 9279.1123046875, 0.8290364742279053, 0, 0.5591946244239807, 0, 1, 0, -0.5591946244239807, 0, 0.8290364742279053),
                [3] = CFrame.new(11085.189453125, -2160.54052734375, 9129.763671875, -0.3420426845550537, 0, 0.9396843910217285, 0, 1, 0, -0.9396843910217285, 0, -0.3420426845550537),
                [4] = CFrame.new(10883.5478515625, -2160.20458984375, 9075.4833984375, -0.5736784934997559, -0.00007657104288227856, -0.8190805315971375, -0.00007657104288227856, 1, -0.000039854294300312176, 0.8190805315971375, 0.000039854294300312176, -0.5736784934997559),
                [5] = CFrame.new(10980.5322265625, -2160.41455078125, 9051.94921875, -0.9659297466278076, -0.00008558359695598483, 0.2588047981262207, -0.00008558359695598483, 1, 0.000011266653018537909, -0.2588047981262207, -0.000011266653018537909, -0.9659297466278076),
            },
        },
        ["300"] = {
            ["FullName"] = "Military Soldier",
            ["IsBoss"] = false,
            ["LevelRequest"] = 300,
            ["Quest"] = {
                ["QuestName"] = "MagmaQuest",
                ["QuestLevel"] = 1,
            },
            ["MobName"] = "Military Soldier",
            ["SpawnLocation"] = {},
        },
        ["1850"] = {
            ["FullName"] = "Mythological Pirate",
            ["IsBoss"] = false,
            ["LevelRequest"] = 1850,
            ["Quest"] = {
                ["QuestName"] = "DeepForestIsland",
                ["QuestCFrame"] = CFrame.new(-13234.0400390625, 331.4880065917969, -7625.40087890625, 0.7071342468261719, -0, -0.707079291343689, 0, 1, -0, 0.707079291343689, 0, 0.7071342468261719),
                ["QuestLevel"] = 2,
            },
            ["MobName"] = "Mythological Pirate",
            ["SpawnLocation"] = {
                [1] = CFrame.new(-13732.0478515625, 469.4330139160156, -6826.96484375, 0.6427633166313171, -0, -0.7660649418830872, 0, 1, -0, 0.7660649418830872, 0, 0.6427633166313171),
                [2] = CFrame.new(-13456.0498046875, 469.4330139160156, -7039.9638671875, 0, 0, 1, 0, 1, -0, -1, 0, 0),
                [3] = CFrame.new(-13876.0478515625, 469.4330139160156, -7009.96484375, 0.42259299755096436, -0, -0.9063196182250977, 0, 1, -0, 0.9063196182250977, 0, 0.42259299755096436),
                [4] = CFrame.new(-13221.0302734375, 519.10302734375, -6902.01806640625, -0.3419438600540161, 0, 0.9397205114364624, 0, 1, 0, -0.9397205114364624, 0, -0.3419438600540161),
                [5] = CFrame.new(-13221.03125, 519.10302734375, -6689.01611328125, 0.6157104969024658, 0, 0.7879725098609924, 0, 1, 0, -0.7879725098609924, 0, 0.6157104969024658),
                [6] = CFrame.new(-13320.0302734375, 519.10302734375, -6785.01806640625, -0.3419438600540161, 0, 0.9397205114364624, 0, 1, 0, -0.9397205114364624, 0, -0.3419438600540161),
            },
        },
        ["1775"] = {
            ["FullName"] = "Fishman Raider",
            ["IsBoss"] = false,
            ["LevelRequest"] = 1775,
            ["Quest"] = {
                ["QuestName"] = "DeepForestIsland3",
                ["QuestCFrame"] = CFrame.new(-10581.65625, 330.87298583984375, -8761.1865234375, -0.8829522132873535, 0, 0.4694635570049286, 0, 1, 0, -0.4694635570049286, 0, -0.8829522132873535),
                ["QuestLevel"] = 1,
            },
            ["MobName"] = "Fishman Raider",
            ["SpawnLocation"] = {
                [1] = CFrame.new(-10523.755859375, 332.6029968261719, -8597.5888671875, -0.8214843273162842, 0, 0.570231020450592, 0, 1, 0, -0.570231020450592, 0, -0.8214843273162842),
                [2] = CFrame.new(-10117.947265625, 332.6029968261719, -8174.68603515625, 0.9855113625526428, -0, -0.16960929334163666, 0, 1, -0, 0.16960929334163666, 0, 0.9855113625526428),
                [3] = CFrame.new(-10223.1142578125, 332.6029968261719, -8482.5458984375, -0.9958295822143555, 0, -0.09123341739177704, 0, 1, 0, 0.09123341739177704, 0, -0.9958295822143555),
                [4] = CFrame.new(-10391.73828125, 332.6029968261719, -8212.2763671875, 0.9855113625526428, -0, -0.16960929334163666, 0, 1, -0, 0.16960929334163666, 0, 0.9855113625526428),
                [5] = CFrame.new(-10853.8564453125, 332.6029968261719, -8425.240234375, 0.908007800579071, -0, -0.4189532995223999, 0, 1, -0, 0.4189532995223999, 0, 0.908007800579071),
                [6] = CFrame.new(-10603.64453125, 332.6029968261719, -8309.1259765625, 0.768652081489563, -0, -0.6396670341491699, 0, 1, -0, 0.6396670341491699, 0, 0.768652081489563),
            },
        },
        ["2425"] = {
            ["FullName"] = "Snow Demon",
            ["IsBoss"] = false,
            ["LevelRequest"] = 2425,
            ["Quest"] = {
                ["QuestName"] = "CandyQuest1",
                ["QuestCFrame"] = CFrame.new(-1164.498046875, 59.26899719238281, -14492.6181640625, 0.2588643431663513, -0, -0.965913712978363, 0, 1, -0, 0.965913712978363, 0, 0.2588643431663513),
                ["QuestLevel"] = 2,
            },
            ["MobName"] = "Snow Demon",
            ["SpawnLocation"] = {
                [1] = CFrame.new(-784.6719970703125, 24.80999755859375, -14631.78515625, -0.6427637338638306, 0, 0.7660649418830872, 0, 1, 0, -0.7660649418830872, 0, -0.6427637338638306),
                [2] = CFrame.new(-771.2260131835938, 14.2239990234375, -14434.3037109375, 0.3420426845550537, 0, 0.9396843910217285, 0, 1, 0, -0.9396843910217285, 0, 0.3420426845550537),
                [3] = CFrame.new(-936.1519775390625, 13.996002197265625, -14552.498046875, -0.46946704387664795, 0, -0.8829500079154968, 0, 1, 0, 0.8829500079154968, 0, -0.46946704387664795),
                [4] = CFrame.new(-813.5609741210938, 15.343002319335938, -14322.71484375, -0.2588644027709961, 0, 0.965913712978363, 0, 1, 0, -0.965913712978363, 0, -0.2588644027709961),
                [5] = CFrame.new(-897.7730102539062, 24.593994140625, -14733.771484375, -0.8829522132873535, 0, 0.4694635570049286, 0, 1, 0, -0.4694635570049286, 0, -0.8829522132873535),
            },
        },
        ["325"] = {
            ["FullName"] = "Military Spy",
            ["IsBoss"] = false,
            ["LevelRequest"] = 325,
            ["Quest"] = {
                ["QuestName"] = "MagmaQuest",
                ["QuestLevel"] = 2,
            },
            ["MobName"] = "Military Spy",
            ["SpawnLocation"] = {},
        },
        ["2450"] = {
            ["FullName"] = "Isle Outlaw",
            ["IsBoss"] = false,
            ["LevelRequest"] = 2450,
            ["Quest"] = {
                ["QuestName"] = "TikiQuest1",
                ["QuestCFrame"] = CFrame.new(-16548.81640625, 55.60600280761719, -172.81199645996094, 0.21309256553649902, -0, -0.9770320057868958, 0, 1, -0, 0.9770320057868958, 0, 0.21309256553649902),
                ["QuestLevel"] = 1,
            },
            ["MobName"] = "Isle Outlaw",
            ["SpawnLocation"] = {
                [1] = CFrame.new(-16433.71875, 57.22100830078125, -195.47300720214844, 0.9396705627441406, -0, -0.3420807123184204, 0, 1, -0, 0.3420807123184204, 0, 0.9396705627441406),
                [2] = CFrame.new(-16351.77734375, 23.494003295898438, -282.4540100097656, -0.9087468385696411, 0, -0.41734784841537476, 0, 1, 0, 0.41734784841537476, 0, -0.9087468385696411),
                [3] = CFrame.new(-16122.4052734375, 11.779006958007812, -257.35400390625, -0.6300290822982788, 0, 0.7765716314315796, 0, 1, 0, -0.7765716314315796, 0, -0.6300290822982788),
                [4] = CFrame.new(-16289.48828125, 22.874008178710938, -179.44400024414062, 0.9862224459648132, 0, 0.16542449593544006, 0, 1, 0, -0.16542449593544006, 0, 0.9862224459648132),
                [5] = CFrame.new(-16163.4248046875, 11.94500732421875, -99.36000061035156, 0.9876181483268738, 0, 0.15687716007232666, 0, 1, 0, -0.15687716007232666, 0, 0.9876181483268738),
            },
        },
        ["525"] = {
            ["FullName"] = "Royal Squad",
            ["IsBoss"] = false,
            ["LevelRequest"] = 525,
            ["Quest"] = {
                ["QuestName"] = "SkyExp2Quest",
                ["QuestLevel"] = 1,
            },
            ["MobName"] = "Royal Squad",
            ["SpawnLocation"] = {},
        },
        ["425"] = {
            ["FullName"] = "Fishman Lord",
            ["IsBoss"] = true,
            ["LevelRequest"] = 425,
            ["Quest"] = {
                ["QuestName"] = "FishmanQuest",
                ["QuestLevel"] = 3,
            },
            ["MobName"] = "Fishman Lord",
            ["SpawnLocation"] = {},
        },
        ["725"] = {
            ["FullName"] = "Mercenary",
            ["IsBoss"] = false,
            ["LevelRequest"] = 725,
            ["Quest"] = {
                ["QuestName"] = "Area1Quest",
                ["QuestLevel"] = 2,
            },
            ["MobName"] = "Mercenary",
            ["SpawnLocation"] = {},
        },
        ["625"] = {
            ["FullName"] = "Galley Pirate",
            ["IsBoss"] = false,
            ["LevelRequest"] = 625,
            ["Quest"] = {
